image_width: 640
image_height: 480
camera_name: camera
camera_matrix:
  rows: 3
  cols: 3
  data: [666.706942, 0, 313.086476, 0, 665.045272, 235.61753, 0, 0, 1]
distortion_model: plumb_bob
distortion_coefficients:
  rows: 1
  cols: 5
  data: [0.145544, -0.07753699999999999, -0.003795, -0.007525, 0]
rectification_matrix:
  rows: 3
  cols: 3
  data: [1, 0, 0, 0, 1, 0, 0, 0, 1]
projection_matrix:
  rows: 3
  cols: 4
  data: [693.1374510000001, 0, 309.265917, 0, 0, 693.58728, 233.86524, 0, 0, 0, 1, 0]
